28896493 8.2320797031
34951531 8.68648805593
37268621 20.486250023
41247022 9.24687500857
47367638 15.2934969862
53225942 12.2454435284
64592801 10.2206250067
83566712 8.02249992942
87457675 11.4124999307
89140844 8.90833326057
90561701 12.3732143172
92485324 19.0296874046
94561962 10.4523333559
101469514 11.949801073
103939620 10.7581198555
125405496 10.0646031484
159090744 12.8977249217
191311417 18.5115744676
214066993 13.3875000682
218876049 19.3526041706
248823350 10.9786160237
259206539 12.8945432579
288082732 12.7613078566
297045063 13.1749999672
304936286 13.6903125644
306029253 20.8371429557
308062172 22.8299999237
331233076 15.1675002091
346381602 20.6200003227
368940444 19.9800004959
386362341 20.6337635254
403215895 12.7110028764
414386020 17.3712121573
446016490 15.9874995351
448617752 11.656999889
450213484 21.8600001335
452618012 19.0460000277
460662251 10.445000422
461230594 12.1446667473
461667780 12.8966518252
462454717 20.877499314
469231113 18.2866675854
471176595 17.0206250548
475373589 16.5924279208
490696989 12.9653124716
526852343 9.63745368465
635427704 9.10468748957
635711875 10.3765623271
635930469 11.0087500215
636127203 10.4543749169
636498811 11.0993750542
637482482 9.93593741705
646160642 11.434166342
646554110 18.9414522343
649373965 8.56999993324
700699704 8.99600006938
739565617 17.2921638029
742625925 18.3981647871
742866378 17.9302259255
742953815 9.75120879988
743237987 10.9850000342
786213457 19.1664523449
786475769 11.6093746442
815242665 10.6599998474
820554486 12.7336363738
821713031 12.317500107
822412530 15.8846875578
822893436 12.6953409329
