331233076 15.1675002091
47367638 15.2934969862
822412530 15.8846875578
446016490 15.9874995351
475373589 16.5924279208
471176595 17.0206250548
739565617 17.2921638029
414386020 17.3712121573
742866378 17.9302259255
469231113 18.2866675854
742625925 18.3981647871
191311417 18.5115744676
646554110 18.9414522343
92485324 19.0296874046
452618012 19.0460000277
786213457 19.1664523449
218876049 19.3526041706
368940444 19.9800004959
37268621 20.486250023
346381602 20.6200003227
386362341 20.6337635254
306029253 20.8371429557
462454717 20.877499314
450213484 21.8600001335
308062172 22.8299999237

